time calc (hour)	LN OD
6.94444E-05	-1.819938567
0.016752778	-1.553004438
0.033441667	-1.593705813
0.050116667	-2.047777997
0.066805556	-2.185804097
0.083491667	-1.903397299
0.100175	-1.829282567
0.116855556	-1.67322551
0.133533333	-1.534869249
0.150213889	-1.703413214
0.166891667	-1.73791714
0.183569444	-1.732769104
0.200258333	-1.679341852
0.216944444	-1.570064322
0.233630556	-1.642647672
0.250316667	-1.796439198
0.266997222	-1.692624508
0.283683333	-1.748984405
0.300361111	-1.675059318
0.317038889	-1.752277642
0.333727778	-1.460461097
0.350411111	-1.540368409
0.367088889	-1.606135237
0.383766667	-1.669950501
0.400447222	-1.555060529
0.417125	-1.493386816
0.433811111	-1.519254589
0.450494444	-1.701692411
0.467183333	-1.680275141
0.483866667	-1.663977006
0.500547222	-1.652560593
0.517236111	-1.599163812
0.533925	-1.633355194
0.550602778	-1.628390147
0.567291667	-1.589038228
0.583972222	-1.438381988
0.60065	-1.594900071
0.617347222	-1.537180448
0.634025	-1.451494498
0.650702778	-1.433396015
0.667391667	-1.475672745
0.684066667	-1.427718449
0.700744444	-1.394643515
0.717425	-1.319794926
0.734113889	-1.415187274
0.750802778	-1.325889276
0.767483333	-1.306125463
0.784166667	-1.305348038
0.800847222	-1.316763287
0.817536111	-1.273052008
0.834216667	-1.291865351
0.850897222	-1.276128533
0.867575	-1.207180928
0.884252778	-1.179735626
0.900933333	-1.138270417
0.917611111	-1.133353099
0.934297222	-1.107674343
0.950986111	-1.115224467
0.967669444	-1.101693165
0.984358333	-0.98671781
1.001047222	-0.974780082
1.017733333	-0.995052999
1.034422222	-0.972026088
1.051108333	-0.917093687
1.067788889	-0.924023667
1.084475	-0.867378016
1.101158333	-0.831298513
1.117836111	-0.854278807
1.134516667	-0.818962828
1.1512	-0.772312605
1.167880556	-0.734025945
1.184558333	-0.725265562
1.201244444	-0.702033305
1.217930556	-0.67092644
1.234625	-0.65333057
1.251316667	-0.599850481
1.267994444	-0.614965829
1.284683333	-0.573130937
1.301369444	-0.540162302
1.318055556	-0.48651595
1.334736111	-0.489064196
1.351413889	-0.448623746
1.368094444	-0.395994822
1.384780556	-0.392961508
1.401458333	-0.389095363
1.418136111	-0.365788234
1.434813889	-0.350306051
1.451494444	-0.307319363
1.468175	-0.338712404
1.484861111	-0.33285696
1.501544444	-0.32543457
1.518225	-0.319462299
1.534902778	-0.35884438
1.551588889	-0.308906961
1.568269444	-0.327622153
1.584944444	-0.343418015
1.601625	-0.315452791
1.618305556	-0.305564943
1.634983333	-0.351674447
1.651669444	-0.316380129
1.668355556	-0.324486422
1.685036111	-0.322429411
1.701725	-0.33664708
1.718408333	-0.339562905
1.735088889	-0.327058546
1.751775	-0.319973751
1.768458333	-0.350171235
1.785141667	-0.342187383
1.801827778	-0.328786314
1.818513889	-0.346702131
1.835197222	-0.33764503
1.851883333	-0.337115961
1.868575	-0.323814599
1.885255556	-0.340345339
1.901938889	-0.358047106
1.918625	-0.333282387
1.935302778	-0.320288691
1.951980556	-0.310070801
1.968666667	-0.384249623
1.985355556	-0.346895996
2.002041667	-0.365363515
2.018719444	-0.348837707
2.035408333	-0.342580793
2.035461111	-0.223143551
2.052144444	-0.223143551
2.068830556	-0.223143551
2.085508333	-0.009849821
2.102188889	-0.099721998
2.118875	-0.162553742
2.135555556	-0.208606355
2.152241667	-0.275074997
2.168925	-0.337202581
2.185605556	-0.409464967
2.202288889	-0.404945563
2.218969444	-0.385265662
2.235655556	-0.395332794
2.252341667	-0.358362667
2.269027778	-0.348695238
2.285705556	-0.293581332
2.302388889	-0.341178803
2.319075	-0.353522304
2.335755556	-0.355489104
2.352433333	-0.323455112
2.369111111	-0.355248333
2.385791667	-0.332015238
2.402469444	-0.379158326
2.419158333	-0.311198277
2.435844444	-0.306526424
2.452527778	-0.370588707
2.469205556	-0.334274503
2.485888889	-0.31525725
2.502566667	-0.370623735
2.519247222	-0.308961046
2.535925	-0.316858255
2.552608333	-0.331952645
2.569294444	-0.376006588
2.585980556	-0.34917891
2.602666667	-0.374066373
2.619347222	-0.355260359
2.636025	-0.367770963
2.652705556	-0.315748982
2.669383333	-0.336242879
2.686066667	-0.376202646
2.702755556	-0.342936437
2.719444444	-0.34277566
2.736138889	-0.349490103
2.752822222	-0.335937488
2.769508333	-0.365764299
2.786183333	-0.358939535
2.802866667	-0.356710916
2.819544444	-0.311650883
2.836222222	-0.369105281
2.852902778	-0.356492932
2.869580556	-0.375379794
2.886258333	-0.322634203
2.902936111	-0.368634663
2.919611111	-0.317892514
2.936291667	-0.402125506
2.952975	-0.35842267
2.969652778	-0.338327493
2.986333333	-0.345230327
3.003019444	-0.367181589
3.019705556	-0.37210489
3.036388889	-0.370289923
3.053069444	-0.327088098
3.069755556	-0.335858783
3.086436111	-0.355823449
3.103119444	-0.349030849
3.119802778	-0.339540256
3.136486111	-0.355157881
3.153166667	-0.372923671
3.16985	-0.383806601
3.186544444	-0.353424789
3.203230556	-0.358644826
3.219911111	-0.358872471
3.236594444	-0.328718562
3.253280556	-0.368245034
3.269963889	-0.328773992
3.286641667	-0.384478946
3.303322222	-0.341534301
3.320008333	-0.35726286
3.336686111	-0.366493402
3.353366667	-0.343955255
3.37005	-0.37617491
3.386730556	-0.320645967
3.403413889	-0.356799737
3.420097222	-0.343139055
3.436783333	-0.386078376
3.453461111	-0.328886835
3.470138889	-0.327129262
3.486825	-0.359535732
3.503513889	-0.342276839
3.520197222	-0.341021529
3.536877778	-0.336349904
3.553561111	-0.402687798
3.57025	-0.375173637
3.586933333	-0.446841303
3.603611111	-0.552193045
3.620288889	-0.518815256
3.636966667	-0.527371674
3.653655556	-0.477985383
3.670338889	-0.480512042
3.687025	-0.501026773
3.703711111	-0.525003405
3.720394444	-0.524217209
3.737077778	-0.426425883
3.753763889	-0.398151185
3.77045	-0.526330286
3.787138889	-0.582625306
3.803819444	-0.592967404
3.820505556	-0.495303042
3.837188889	-0.528382956
3.853872222	-0.463788678
3.870563889	-0.481991744
3.88725	-0.437524141
3.903930556	-0.376406392
3.920619444	-0.354574922
3.937302778	-0.468342594
3.953988889	-0.572353109
3.970669444	-0.634910065
3.987358333	-0.573273372
4.004041667	-0.563146428
4.020727778	-0.479568039
4.037413889	-0.481729178
4.0541	-0.424595345
4.070786111	-0.392685096
4.087472222	-0.470055775
4.104158333	-0.591458604
4.120841667	-0.686897769
4.137527778	-0.66996484
4.154216667	-0.546880993
4.170902778	-0.502450097
4.187588889	-0.487769064
4.204269444	-0.472693099
4.220952778	-0.470687879
4.237638889	-0.462029015
4.254325	-0.427608744
4.271011111	-0.394727473
4.287694444	-0.438264479
4.304377778	-0.57781994
4.321069444	-0.684384327
4.337761111	-0.610050998
4.35445	-0.530321438
4.371141667	-0.489288391
4.387825	-0.508294397
4.404508333	-0.467735659
4.421194444	-0.441671567
4.437880556	-0.408262026
4.454555556	-0.499693434
4.471238889	-0.575519606
4.487922222	-0.658461717
4.504611111	-0.587633111
4.521288889	-0.518254349
4.537966667	-0.471949585
4.554644444	-0.426960661
4.571330556	-0.398317647
4.588019444	-0.479296902
4.604711111	-0.538811346
4.621397222	-0.644579784
4.638080556	-0.579499064
4.654758333	-0.541241207
4.671438889	-0.503959582
4.688125	-0.463686377
4.704808333	-0.465912808
4.721491667	-0.414798459
4.738169444	-0.40634497
4.75485	-0.46147522
4.771530556	-0.548836486
4.788211111	-0.649065914
4.804891667	-0.572499736
4.821569444	-0.551563455
4.838255556	-0.509772645
4.854933333	-0.478072898
4.871611111	-0.448258153
4.888291667	-0.414398719
4.904977778	-0.377664579
4.921663889	-0.478138548
4.938347222	-0.564336603
4.955027778	-0.591294107
4.971708333	-0.551904578
4.988388889	-0.549044759
5.005077778	-0.477732895
5.021766667	-0.475750591
5.038447222	-0.416772673
5.055125	-0.423803544
5.071805556	-0.523622472
5.088488889	-0.557623511
5.105166667	-0.605747534
5.121852778	-0.59972347
5.138527778	-0.516922304
5.155216667	-0.505055404
5.171902778	-0.46935392
5.188591667	-0.491081577
5.205272222	-0.42288311
5.221958333	-0.406844028
5.238638889	-0.471899297
5.255322222	-0.556233552
5.272008333	-0.663974628
5.288686111	-0.617112402
5.305372222	-0.545311588
5.32205	-0.523682571
5.338733333	-0.488284332
5.355413889	-0.494920418
5.372091667	-0.395628254
5.388769444	-0.426682304
5.405455556	-0.499145173
5.422136111	-0.568113587
5.438816667	-0.643904109
5.455494444	-0.613131753
5.472177778	-0.554455097
5.488863889	-0.537043974
5.505558333	-0.454579594
5.522230556	-0.452240806
5.538925	-0.445263424
5.555605556	-0.398233802
5.572288889	-0.499661871
5.588975	-0.591503915
5.605661111	-0.65892921
5.622344444	-0.58084681
5.639033333	-0.566021805
5.655716667	-0.492839777
5.672402778	-0.481973398
5.689083333	-0.444752406
5.705769444	-0.451964485
5.722447222	-0.397409189
5.739133333	-0.374393887
5.755819444	-0.452055741
5.7725	-0.549056308
5.789177778	-0.59390563
5.805855556	-0.552917608
5.822536111	-0.529025627
5.839211111	-0.464866336
5.855894444	-0.49192332
5.872575	-0.472123923
5.889255556	-0.398244361
5.905941667	-0.407032316
5.922622222	-0.454427474
5.939302778	-0.572907645
5.955986111	-0.601090433
5.972669444	-0.600932186
5.98935	-0.549149872
6.006036111	-0.466468972
6.022722222	-0.487540815
6.0394	-0.422777537
6.056086111	-0.435828903
6.072769444	-0.486387499
6.08945	-0.580501961
6.106136111	-0.6423282
6.122822222	-0.539188148
6.139502778	-0.514264129
6.156188889	-0.522865614
6.172877778	-0.495396763
6.189561111	-0.449674192
6.206244444	-0.443134702
6.222930556	-0.377434804
6.239613889	-0.39417689
6.256291667	-0.465868957
6.272972222	-0.580260968
6.289655556	-0.60055469
6.306330556	-0.578238583
6.323008333	-0.548258022
6.339691667	-0.478473639
6.356377778	-0.464156501
6.373066667	-0.444137275
6.38975	-0.432671313
6.406436111	-0.504487486
6.423125	-0.585918275
6.439822222	-0.658710044
6.456505556	-0.583657103
6.473183333	-0.597968919
6.489863889	-0.524164881
6.506541667	-0.482283665
6.523227778	-0.439620064
6.539913889	-0.432140191
6.556594444	-0.559209033
6.573275	-0.603392806
6.58995	-0.563533515
6.606638889	-0.521561481
6.623325	-0.468708836
6.640005556	-0.449424958
6.656683333	-0.424047725
6.673366667	-0.417869288
6.690044444	-0.497955731
6.706722222	-0.614569207
6.7234	-0.506197998
6.740083333	-0.480053302
6.756783333	-0.574028859
6.773463889	-0.595069924
6.790144444	-0.5527659
6.806822222	-0.511411412
6.823508333	-0.538477607
6.840194444	-0.522814808
6.856875	-0.443028558
6.873561111	-0.453534709
6.890244444	-0.439892979
6.906925	-0.425592104
6.923611111	-0.498169567
6.940297222	-0.557102504
6.956972222	-0.671783185
6.973658333	-0.607253947
6.990338889	-0.572634895
7.007022222	-0.550506776
7.023705556	-0.43794016
7.040388889	-0.489890403
7.057072222	-0.465171626
7.073761111	-0.431456589
7.090447222	-0.422548314
7.107130556	-0.45962562
7.123816667	-0.559327677
7.140494444	-0.660096463
7.157175	-0.573623243
7.173855556	-0.558514387
7.190536111	-0.507681571
7.207222222	-0.535603936
7.223897222	-0.419934847
7.240577778	-0.435543862
7.257258333	-0.489933819
7.273944444	-0.614073558
7.290627778	-0.572665301
7.307316667	-0.536421573
7.323997222	-0.535157747
7.340675	-0.637068405
7.357372222	-0.598003615
7.37405	-0.580511396
7.390736111	-0.506644958
7.407422222	-0.454622653
7.424097222	-0.453418596
7.440777778	-0.455774371
7.457463889	-0.394790159
7.474141667	-0.380583855
7.490827778	-0.508083703
7.507511111	-0.597335018
7.524194444	-0.650084875
7.540880556	-0.608157639
7.557558333	-0.549866012
7.574247222	-0.512037491
7.590936111	-0.472828158
7.607611111	-0.470299593
7.624297222	-0.441253154
7.640975	-0.413858908
7.657655556	-0.491738334
7.674344444	-0.576755886
7.691030556	-0.678244972
7.707711111	-0.60673896
7.724386111	-0.539945437
7.741072222	-0.557411629
7.757758333	-0.443069706
7.774447222	-0.446858078
7.791133333	-0.436781301
7.807811111	-0.438651019
7.824488889	-0.529887757
7.841169444	-0.569255799
7.857852778	-0.615575641
7.874530556	-0.551479768
7.891208333	-0.531331727
7.907897222	-0.498574213
7.924583333	-0.469700907
7.941272222	-0.416346062
7.95795	-0.401161427
7.974638889	-0.514339206
7.991322222	-0.59000717
8.008002778	-0.521587155
8.024680556	-0.468614451
8.041361111	-0.4463169
8.058041667	-0.420467564
8.074730556	-0.389895678
8.091408333	-0.480191769
8.108083333	-0.58699292
8.124769444	-0.6265046
8.141458333	-0.606136639
8.158141667	-0.505909494
8.174830556	-0.485427244
8.191516667	-0.460127788
8.2082	-0.461591812
8.224880556	-0.437491089
8.241566667	-0.404777904
8.258244444	-0.493962591
8.274933333	-0.585691691
8.291619444	-0.635618301
8.3083	-0.571919613
8.324988889	-0.520646575
8.341675	-0.471418374
8.358363889	-0.467188954
8.375061111	-0.45271102
8.391752778	-0.451138178
8.408430556	-0.401870357
8.425108333	-0.374284529
8.441791667	-0.460074415
8.458475	-0.537981393
8.47515	-0.623168198
8.491833333	-0.573059602
8.508516667	-0.50915497
8.5252	-0.463052087
8.541877778	-0.45029492
8.558569444	-0.421292325
8.575255556	-0.409353799
8.591936111	-0.496766682
8.608622222	-0.577340675
8.6253	-0.61386842
8.641983333	-0.593920372
8.658658333	-0.526874267
8.675347222	-0.516071979
8.692030556	-0.447887586
8.708705556	-0.443683869
8.725388889	-0.418177438
8.742066667	-0.484267289
8.75875	-0.579739998
8.775433333	-0.643118565
8.792113889	-0.609574232
8.808797222	-0.573229323
8.825477778	-0.538948405
8.842155556	-0.480233925
8.858838889	-0.498770612
8.875525	-0.459408991
8.892208333	-0.399123365
8.908894444	-0.390665667
8.925580556	-0.478604495
8.942258333	-0.590791479
8.958938889	-0.639391536
8.975622222	-0.562328747
8.992302778	-0.517789499
9.008988889	-0.48319786
9.025675	-0.476465969
9.042358333	-0.460069061
9.059044444	-0.401472868
9.075727778	-0.392338244
9.092416667	-0.464353939
9.1091	-0.517536391
9.125788889	-0.611227896
9.142477778	-0.591471449
9.159158333	-0.524473551
9.175844444	-0.475998812
9.192530556	-0.431851348
9.209216667	-0.446231042
9.225897222	-0.505369817
9.242577778	-0.554204321
9.259258333	-0.636789021
9.275941667	-0.655651512
9.292622222	-0.568168708
9.309308333	-0.544635093
9.325988889	-0.493912707
9.342669444	-0.491669186
9.359347222	-0.461105495
9.376030556	-0.422994265
9.392722222	-0.388437932
9.409402778	-0.473436443
9.426088889	-0.545491071
9.442772222	-0.517719952
9.459455556	-0.554532783
9.476136111	-0.514062607
9.492822222	-0.510976218
9.509502778	-0.467630942
9.526186111	-0.437848449
9.542866667	-0.497576696
9.55955	-0.521656112
9.576236111	-0.559568209
9.592919444	-0.678133886
9.609608333	-0.574385371
9.626291667	-0.558455304
9.642975	-0.525046073
9.659663889	-0.513004629
9.67635	-0.468946844
9.693033333	-0.416446044
9.709711111	-0.409648506
9.726391667	-0.523695216
9.743072222	-0.553662494
9.759752778	-0.627784662
9.776433333	-0.617776236
9.793119444	-0.531413711
9.809802778	-0.509471025
9.826488889	-0.496128228
9.843177778	-0.451891245
9.859861111	-0.423637047
9.87655	-0.40608406
9.893225	-0.480687863
9.909911111	-0.567800043
9.926591667	-0.571922253
9.943275	-0.607258131
9.959961111	-0.559579269
9.976644444	-0.516627673
9.993327778	-0.517494881
10.01000556	-0.464040802
10.02668889	-0.461300476
10.04336944	-0.415203477
10.06004722	-0.397443368
10.07673611	-0.43831233
10.09341667	-0.542313504
10.11009444	-0.599926783
10.12678333	-0.527147182
10.14346667	-0.532761448
10.16014444	-0.477662951
10.17683333	-0.455376379
10.19351111	-0.378958605
10.21018889	-0.402278516
10.22686944	-0.423419386
10.24355556	-0.529894637
10.26023611	-0.602612915
10.27691944	-0.572045852
10.29360278	-0.530959949
10.31028611	-0.492658909
10.326975	-0.474189964
10.34366389	-0.430907909
10.36034722	-0.378825568
10.37703333	-0.445758961
10.39371944	-0.519284298
10.41041389	-0.576904655
10.42709167	-0.679129292
10.44378056	-0.558103517
10.46046389	-0.557159569
10.47714444	-0.551163083
10.49383611	-0.542456652
10.51051944	-0.508617896
10.52719722	-0.480577059
10.543875	-0.421280454
10.56055278	-0.419216573
10.57723889	-0.435107902
10.59392222	-0.523345623
10.61060278	-0.57866154
10.62728889	-0.647616303
10.643975	-0.622842895
10.66065833	-0.604579114
10.67733611	-0.540890133
10.69402222	-0.532718483
10.71070556	-0.500011409
10.72738889	-0.47356563
10.74407778	-0.467841456
10.76076389	-0.406779862
10.77744444	-0.420979313
10.79412222	-0.431839643
10.81080556	-0.485830927
10.82748889	-0.543330565
10.84416667	-0.625090294
10.86085278	-0.585997924
10.87753889	-0.536291391
10.894225	-0.549914364
10.91091389	-0.523287333
10.9276	-0.492944171
10.94428889	-0.469115959
10.96097222	-0.423636894
10.97765278	-0.393650402
10.99433889	-0.472094935
11.01101667	-0.510170372
11.02769444	-0.573404981
11.04438056	-0.645254352
11.06106667	-0.606623948
11.07774444	-0.613219046
11.09443333	-0.577826926
11.11111944	-0.563906199
11.12779444	-0.519826342
11.14447222	-0.504566221
11.16114722	-0.451244605
11.17783611	-0.434285782
11.19451389	-0.397345135
11.21119167	-0.497980806
11.22786944	-0.638544362
11.24455833	-0.558043462
11.26123889	-0.495268105
11.277925	-0.547791832
11.29460833	-0.687059031
11.31129167	-0.639581352
11.32797778	-0.560854052
11.34465278	-0.500710768
11.36132778	-0.467566984
11.37801389	-0.445772204
11.39469167	-0.432153023
11.41137222	-0.52916887
11.42805278	-0.566929506
11.44473056	-0.633626471
11.46141667	-0.554039852
11.47809722	-0.524987329
11.49477778	-0.508618079
11.51145556	-0.468864854
11.52814167	-0.426939251
11.54483056	-0.42142266
11.56151389	-0.465664226
11.5782	-0.572109589
11.59488333	-0.671952816
11.61157222	-0.606535193
11.62825833	-0.533708672
11.64493889	-0.496492584
11.66162778	-0.468785939
11.67830833	-0.443083973
11.69499444	-0.416773113
11.71167778	-0.513130845
11.72835556	-0.594813232
11.74504167	-0.526365071
11.76172778	-0.493569864
11.77840833	-0.4600507
11.79508611	-0.427305998
11.811775	-0.427449172
11.82845556	-0.508446456
11.84513333	-0.566516327
11.86181667	-0.655595456
11.87850556	-0.582381455
11.89518611	-0.52008432
11.91186389	-0.460393507
11.92855278	-0.427461331
11.94523611	-0.383673416
11.96192222	-0.515070052
11.9786	-0.571671062
11.99528611	-0.625674699
12.01196944	-0.627262404
12.02864722	-0.588864952
12.045325	-0.495903531
12.06201111	-0.497442528
12.07869722	-0.455289787
12.09538333	-0.453837189
12.11207778	-0.425860895
12.12876667	-0.368484546
12.14545	-0.481246466
12.16212778	-0.578120705
12.17880833	-0.653714778
12.19549444	-0.569300221
12.21217222	-0.507464246
12.22885556	-0.464476516
12.24554167	-0.446900353
12.26221944	-0.398010448
12.27889444	-0.395417391