time calc (hour)	od (LN)
5.27778E-05	-2.274005644
0.016747222	-2.213984518
0.033433333	-2.17064394
0.050113889	-2.108195581
0.066794444	-2.061579109
0.083472222	-2.036072728
0.100155556	-2.073845891
0.116833333	-2.092832652
0.133511111	-2.236648141
0.150197222	-2.123061798
0.166877778	-2.077561199
0.183555556	-1.990173477
0.200241667	-2.141622822
0.216922222	-2.150819956
0.233602778	-1.926500661
0.250283333	-1.950140988
0.266969444	-1.938251923
0.283655556	-2.013197216
0.300341667	-1.898118323
0.317030556	-1.858619326
0.333722222	-1.953989457
0.350408333	-2.005233969
0.367097222	-1.952494544
0.383783333	-1.802635243
0.400472222	-1.823041954
0.417155556	-1.864130008
0.433841667	-1.85028252
0.450522222	-1.802265933
0.467213889	-1.792168913
0.4839	-1.706907598
0.500588889	-1.708269289
0.517269444	-1.748494076
0.533955556	-1.665979894
0.550638889	-1.64163721
0.567322222	-1.595485324
0.584011111	-1.626411975
0.600691667	-1.559015315
0.617366667	-1.588622734
0.634052778	-1.539235772
0.650738889	-1.483888478
0.667427778	-1.482355473
0.684116667	-1.462461997
0.700805556	-1.396579343
0.717494444	-1.32337364
0.734169444	-1.369095297
0.750858333	-1.275079569
0.767538889	-1.292322141
0.784227778	-1.271106644
0.800916667	-1.265033108
0.817597222	-1.166309274
0.834275	-1.143473483
0.850955556	-1.123907303
0.867633333	-1.117853929
0.884311111	-1.079658554
0.900991667	-1.051741554
0.917669444	-1.007965178
0.934347222	-1.019007094
0.951036111	-0.965144993
0.967725	-0.947935464
0.984405556	-0.927360734
1.001094444	-0.867420557
1.017775	-0.842736404
1.03445	-0.828501202
1.051127778	-0.804020718
1.067813889	-0.794663012
1.084494444	-0.761765175
1.101172222	-0.720318568
1.117847222	-0.715639755
1.134525	-0.687512636
1.151211111	-0.667458988
1.167894444	-0.6640014
1.184580556	-0.630005976
1.201261111	-0.601184607
1.217944444	-0.560524126
1.234622222	-0.517019822
1.251305556	-0.465254395
1.267986111	-0.451533372
1.284669444	-0.424116812
1.301355556	-0.401024068
1.318044444	-0.367901993
1.334730556	-0.339629772
1.351416667	-0.337483122
1.368102778	-0.312824522
1.384786111	-0.323396884
1.401477778	-0.31107957
1.418161111	-0.338526186
1.434841667	-0.349208286
1.451525	-0.296761008
1.4682	-0.337378855
1.484880556	-0.330967373
1.501561111	-0.329938833
1.518241667	-0.330834576
1.534933333	-0.368789614
1.551616667	-0.321037486
1.5683	-0.332385302
1.584986111	-0.32272152
1.601675	-0.315383899
1.618358333	-0.330878506
1.635044444	-0.382179993
1.651736111	-0.328691304
1.668419444	-0.348505567
1.685102778	-0.327941872
1.701786111	-0.312995236
1.718469444	-0.308730578
1.735161111	-0.349094386
1.751855556	-0.336288647
1.768538889	-0.346744374
1.785233333	-0.35187182
1.801919444	-0.342519218
1.818602778	-0.311676928
1.835288889	-0.335582987
1.851972222	-0.336959032
1.86865	-0.364170244
1.885338889	-0.368856908
1.902013889	-0.339086938
1.918694444	-0.340416081
1.935372222	-0.326364444
1.952061111	-0.335258586
1.968755556	-0.322575549
1.985441667	-0.362162749
2.002127778	-0.32824151
2.018813889	-0.3430309
2.0355	-0.338073595
	
2.035561111	-0.338073595
2.052247222	-0.338073595
2.068936111	-0.338073595
2.085622222	-0.338073595
2.102302778	-0.012100132
2.118983333	-0.080495203
2.135663889	-0.165563666
2.152341667	-0.220521916
2.169027778	-0.291316576
2.185713889	-0.350125283
2.2024	-0.360264909
2.219075	-0.341106914
2.235752778	-0.330011397
2.252433333	-0.318491128
2.269119444	-0.317932848
2.285802778	-0.341120726
2.302486111	-0.36632298
2.319166667	-0.338195727
2.335852778	-0.343669539
2.352538889	-0.327899028
2.369225	-0.310911492
2.385902778	-0.349491918
2.402588889	-0.325850632
2.419266667	-0.333847442
2.435944444	-0.327459571
2.452625	-0.325966636
2.469302778	-0.305907783
2.485980556	-0.350008386
2.502661111	-0.347252178
2.519347222	-0.349602683
2.536030556	-0.339110365
2.552708333	-0.346109965
2.569394444	-0.337672721
2.586075	-0.334695989
2.602763889	-0.325505165
2.619444444	-0.339395961
2.636122222	-0.357863293
2.6528	-0.350300476
2.669477778	-0.356198429
2.686166667	-0.359546334
2.702852778	-0.356323377
2.719533333	-0.332068941
2.736216667	-0.362130814
2.752902778	-0.342084321
2.769580556	-0.347768567
2.786261111	-0.362078747
2.80295	-0.367487562
2.819633333	-0.369774035
2.836325	-0.372455766
2.853013889	-0.359995021
2.869711111	-0.35457773
2.886397222	-0.3544464
2.903086111	-0.362259135
2.919766667	-0.35368029
2.936452778	-0.35950579
2.953138889	-0.359486478
2.969822222	-0.352719947
2.986511111	-0.346321286
3.003194444	-0.34126046
3.019872222	-0.350425796
3.036563889	-0.347709468
3.053247222	-0.352145816
3.069933333	-0.362603066
3.086619444	-0.337097776
3.103308333	-0.329943839
3.119988889	-0.36404934
3.136672222	-0.345321199
3.153352778	-0.34296118
3.170027778	-0.368888122
3.186711111	-0.373252888
3.203394444	-0.374026312
3.220077778	-0.354326789
3.236763889	-0.354881667
3.253444444	-0.353010111
3.270130556	-0.369918468
3.286819444	-0.361090091
3.303497222	-0.345184258
3.320183333	-0.368725446
3.336877778	-0.343275364
3.353563889	-0.359217473
3.370272222	-0.33022047
3.386977778	-0.37071538
3.403672222	-0.365367256
3.420372222	-0.360352053
3.437061111	-0.332969174
3.45375	-0.348965425
3.470433333	-0.349027291
3.487113889	-0.362797707
3.503797222	-0.339210131
3.520477778	-0.340932635
3.537158333	-0.346876845
3.553833333	-0.354997138
3.570522222	-0.343492191
3.587205556	-0.427531577
3.603891667	-0.455510697
3.620575	-0.504063174
3.637269444	-0.473270897
3.653961111	-0.49274762
3.670661111	-0.455070517
3.687341667	-0.482273817
3.704027778	-0.486942949
3.720711111	-0.477435207
3.737413889	-0.445607224
3.7541	-0.429109747
3.770791667	-0.486595167
3.787469444	-0.547133776
3.80415	-0.61815105
3.820827778	-0.57770359
3.837505556	-0.570689842
3.854188889	-0.501406573
3.870869444	-0.489193576
3.88755	-0.461892755
3.904236111	-0.428675293
3.920922222	-0.402881723
3.937608333	-0.466669561
3.954297222	-0.530268212
3.970986111	-0.597795711
3.987675	-0.54906417
4.004358333	-0.554663968
4.02105	-0.492435333
4.037738889	-0.461790474
4.054416667	-0.431280594
4.071111111	-0.391577558
4.087805556	-0.46379391
4.104491667	-0.538498733
4.121166667	-0.609879844
4.137852778	-0.57846386
4.154544444	-0.535674653
4.171230556	-0.482310602
4.187922222	-0.480553775
4.204611111	-0.449824477
4.221294444	-0.403431193
4.237972222	-0.393508267
4.254652778	-0.437331217
4.271333333	-0.525999466
4.288016667	-0.54754943
4.3047	-0.6366619
4.321397222	-0.617002287
4.338094444	-0.558129675
4.354783333	-0.533643465
4.371469444	-0.50311974
4.38815	-0.498140142
4.404838889	-0.449203601
4.421527778	-0.421599109
4.438208333	-0.387313446
4.454888889	-0.499460486
4.471575	-0.548308183
4.488252778	-0.62942772
4.504938889	-0.570622338
4.521622222	-0.526400891
4.538308333	-0.493433334
4.554986111	-0.520854596
4.571677778	-0.447714418
4.588358333	-0.425780954
4.605033333	-0.407061957
4.621716667	-0.467414472
4.6384	-0.52727323
4.655094444	-0.59490949
4.671772222	-0.558532865
4.688461111	-0.524283966
4.705141667	-0.478994422
4.721830556	-0.458211795
4.738511111	-0.424220954
4.755188889	-0.38800198
4.771866667	-0.473287897
4.788547222	-0.544181686
4.805230556	-0.599269408
4.821916667	-0.577299171
4.838605556	-0.523306301
4.855283333	-0.512965528
4.871977778	-0.498360224
4.888661111	-0.452865631
4.90535	-0.431857201
4.922038889	-0.38293909
4.938725	-0.475479297
4.955408333	-0.528525819
4.972091667	-0.571850839
4.988777778	-0.649381389
5.005455556	-0.61148093
5.022141667	-0.622378812
5.038825	-0.563633292
5.055505556	-0.566988968
5.072191667	-0.496347687
5.088875	-0.477649214
5.105561111	-0.473218391
5.122238889	-0.402487735
5.138922222	-0.404645119
5.155602778	-0.457539518
5.172283333	-0.520532635
5.188969444	-0.532251579
5.205663889	-0.641247
5.22235	-0.609474031
5.239038889	-0.581942589
5.255719444	-0.592512564
5.272397222	-0.521944224
5.289077778	-0.519934669
5.305761111	-0.471258881
5.322438889	-0.43443683
5.339119444	-0.416328229
5.355797222	-0.486567675
5.372477778	-0.568094367
5.389161111	-0.61505145
5.405838889	-0.574366065
5.422527778	-0.494869552
5.439213889	-0.530673071
5.455908333	-0.495859034
5.472588889	-0.414590826
5.489277778	-0.419354212
5.505966667	-0.494857545
5.52265	-0.555331496
5.539333333	-0.60146751
5.556016667	-0.560969211
5.572697222	-0.549391104
5.589383333	-0.50933402
5.606072222	-0.541812943
5.622755556	-0.500994029
5.639436111	-0.472612886
5.656113889	-0.428711939
5.6728	-0.381461655
5.689486111	-0.459430427
5.706172222	-0.533130999
5.722852778	-0.561522394
5.739530556	-0.621733479
5.756216667	-0.576956025
5.772894444	-0.568103033
5.789580556	-0.514086618
5.806258333	-0.512545769
5.822944444	-0.501630215
5.839630556	-0.465458343
5.856319444	-0.451941653
5.873005556	-0.405500654
5.889683333	-0.415808214
5.906366667	-0.454906629
5.923044444	-0.541504477
5.939730556	-0.631557716
5.956416667	-0.568694561
5.973091667	-0.580097784
5.989772222	-0.508056794
6.00645	-0.488823179
6.023136111	-0.469332031
6.039819444	-0.445851697
6.056508333	-0.428987421
6.073188889	-0.473667244
6.089872222	-0.525369272
6.106558333	-0.567501677
6.123244444	-0.63063027
6.139930556	-0.613662863
6.156619444	-0.5796664
6.173297222	-0.526854147
6.189977778	-0.529595311
6.206663889	-0.49139027
6.223344444	-0.427900183
6.240030556	-0.445079457
6.256716667	-0.476783311
6.273397222	-0.550088556
6.290075	-0.595046661
6.306755556	-0.554620592
6.323433333	-0.537012407
6.340116667	-0.518296041
6.356805556	-0.475142973
6.373491667	-0.445048042
6.390175	-0.45573347
6.406858333	-0.419562136
6.423544444	-0.356189804
6.440225	-0.379293146
6.456911111	-0.433758014
6.473588889	-0.472721207
6.490266667	-0.49426147
6.506952778	-0.551367501
6.523630556	-0.622750229
6.540316667	-0.616832089
6.556994444	-0.624300192
6.573680556	-0.569700746
6.590363889	-0.518899648
6.607044444	-0.503041383
6.623730556	-0.454536315
6.640425	-0.443948948
6.657113889	-0.407429196
6.673788889	-0.470492309
6.690466667	-0.51743329
6.70715	-0.583003688
6.723827778	-0.55306595
6.740513889	-0.526364817
6.757202778	-0.498252399
6.773883333	-0.503418772
6.790561111	-0.372276358
6.807238889	-0.393540905
6.823919444	-0.476842304
6.840602778	-0.497686324
6.857283333	-0.531695254
6.873975	-0.638242851
6.890655556	-0.574672224
6.907341667	-0.59841817
6.924027778	-0.54627451
6.940708333	-0.512496536
6.957394444	-0.483295269
6.974075	-0.413293853
6.990763889	-0.389745216
7.007444444	-0.484043472
7.024122222	-0.49222231
7.040808333	-0.558666481
7.057486111	-0.617689788
7.074163889	-0.585744052
7.090844444	-0.540829196
7.107525	-0.517811753
7.124213889	-0.462319119
7.140897222	-0.453784545
7.157583333	-0.4409649
7.174269444	-0.365881999
7.190955556	-0.348992345
7.207636111	-0.384772157
7.224313889	-0.433473594
7.240994444	-0.497497983
7.257688889	-0.517612268
7.274366667	-0.600726863
7.291052778	-0.549197705
7.307736111	-0.541299471
7.324422222	-0.461369491
7.341111111	-0.468869057
7.357797222	-0.411427191
7.374475	-0.387299526
7.391158333	-0.426869522
7.407836111	-0.482659846
7.424522222	-0.533200638
7.441205556	-0.584176908
7.457891667	-0.558199416
7.474572222	-0.531609486
7.491255556	-0.519995892
7.507936111	-0.518147094
7.524619444	-0.489458747
7.541294444	-0.477489724
7.557977778	-0.398347985
7.574652778	-0.38702753
7.591338889	-0.449877776
7.608019444	-0.519690215
7.624711111	-0.586401473
7.641394444	-0.550442303
7.658075	-0.489315305
7.674763889	-0.467175855
7.691452778	-0.449032226
7.708133333	-0.443172193
7.724811111	-0.386885434
7.741497222	-0.441828572
7.758183333	-0.470324433
7.774858333	-0.437084174
7.791544444	-0.468125394
7.808227778	-0.553747165
7.824905556	-0.562001557
7.841591667	-0.579835192
7.858288889	-0.605641412
7.874963889	-0.590834918
7.89165	-0.533420578
7.908336111	-0.492338436
7.925022222	-0.504715479
7.941705556	-0.491458255
7.958383333	-0.441440196
7.975061111	-0.425124356
7.991747222	-0.488679193
8.008430556	-0.50121436
8.025111111	-0.528209688
8.041788889	-0.55287111
8.058466667	-0.599465745
8.075144444	-0.627170132
8.091825	-0.643893257
8.1085	-0.590938433
8.125188889	-0.571858581
8.141872222	-0.549183798
8.15855	-0.500177269
8.175244444	-0.484190801
8.191930556	-0.442321118
8.208611111	-0.403158336
8.225291667	-0.459680219
8.241980556	-0.443066139
8.258666667	-0.52730932
8.275341667	-0.545436427
8.292036111	-0.592770023
8.308716667	-0.588475088
8.325411111	-0.555733402
8.3421	-0.522369296
8.358786111	-0.493856779
8.375472222	-0.454034552
8.39215	-0.44738519
8.408833333	-0.415961786
8.425525	-0.407734792
8.442213889	-0.428276138
8.458894444	-0.431928726
8.475569444	-0.435130677
8.492252778	-0.484485718
8.508933333	-0.544734865
8.525619444	-0.619127888
8.5423	-0.636039494
8.558980556	-0.575597861
8.575666667	-0.512988762
8.592341667	-0.451600412
8.609025	-0.465515938
8.625705556	-0.461570203
8.642388889	-0.413701741
8.659072222	-0.363252457
8.67575	-0.390205845
8.692433333	-0.416907822
8.709108333	-0.50839089
8.725788889	-0.577353393
8.742475	-0.607575595
8.75915	-0.585758639
8.775827778	-0.526287918
8.792508333	-0.493265918
8.809191667	-0.473286949
8.825877778	-0.475772638
8.842563889	-0.46891344
8.859252778	-0.457911309
8.875936111	-0.427760304
8.892619444	-0.391929874
8.909297222	-0.418824534
8.925983333	-0.431765737
8.942666667	-0.488564094
8.959344444	-0.526116012
8.976025	-0.512713288
8.992705556	-0.562997427
9.009386111	-0.579269432
9.026072222	-0.594163248
9.04275	-0.66625973
9.059427778	-0.641302733
9.076113889	-0.643807206
9.092797222	-0.538514034
9.109483333	-0.508789448
9.126172222	-0.45837047
9.142852778	-0.427688171
9.159533333	-0.373224652
9.176219444	-0.42760445
9.192902778	-0.465720017
9.209577778	-0.451921367
9.226255556	-0.486214901
9.242941667	-0.525202832
9.259630556	-0.596897624
9.276311111	-0.543702011
9.292988889	-0.509282199
9.309669444	-0.479739509
9.326352778	-0.493235115
9.343033333	-0.439936731
9.359711111	-0.41850471
9.376397222	-0.486874001
9.393075	-0.509069533
9.40975	-0.525806377
9.426436111	-0.621379919
9.443116667	-0.587858822
9.459802778	-0.504653063
9.476483333	-0.493101348
9.493163889	-0.431372952
9.509844444	-0.415029623
9.526536111	-0.446024137
9.543211111	-0.516909292
9.559891667	-0.509325383
9.576569444	-0.630315415
9.593255556	-0.573066786
9.609930556	-0.578837548
9.626616667	-0.529278129
9.643294444	-0.548677883
9.659977778	-0.599887684
9.676658333	-0.547323958
9.693344444	-0.536580587
9.710025	-0.505363684
9.726702778	-0.471356768
9.743388889	-0.458059122
9.760066667	-0.390599028
9.776744444	-0.371182558
9.793425	-0.409015177
9.810108333	-0.451555802
9.826788889	-0.507142033
9.843466667	-0.556867555
9.860147222	-0.567698473
9.876827778	-0.594127689
9.893511111	-0.609419382
9.910191667	-0.584032594
9.926880556	-0.52139025
9.943566667	-0.465447257
9.960244444	-0.463302866
9.976922222	-0.427385571
9.9936	-0.404553174
10.01028333	-0.434726018
10.02696389	-0.445408176
10.04364167	-0.487904303
10.06032222	-0.572523472
10.07700833	-0.567157767
10.09370278	-0.621598482
10.11039167	-0.560474639
10.12707222	-0.507987704
10.14375	-0.535725451
10.16043056	-0.489918753
10.17711667	-0.498366216
10.19380278	-0.465356333
10.21048333	-0.43869681
10.22716667	-0.384725038
10.24385278	-0.416761113
10.26053056	-0.435661335
10.27720833	-0.550285716
10.29388889	-0.527629691
10.31056667	-0.523080425
10.32726111	-0.591557775
10.34394167	-0.52749987
10.36062778	-0.543966241
10.37731389	-0.478733544
10.394	-0.447636544
10.41068611	-0.447466626
10.42736667	-0.398276796
10.44405556	-0.390016844
10.46073333	-0.441001891
10.47742778	-0.473510909
10.49411389	-0.429367703
10.51079167	-0.481276013
10.527475	-0.48762137
10.54416667	-0.556956721
10.56085	-0.615166123
10.57753056	-0.551388433
10.59421667	-0.563933757
10.61089722	-0.511223069
10.62758056	-0.463198834
10.64426111	-0.44957925
10.66094167	-0.473346956
10.677625	-0.374048988
10.69431389	-0.357151915
10.711	-0.405483433
10.72768333	-0.446119148
10.74436389	-0.530040809
10.76104444	-0.567648123
10.77772778	-0.593688816
10.79441667	-0.559919286
10.81109722	-0.491564434
10.827775	-0.43962486
10.84446111	-0.396833602
10.86114722	-0.472701329
10.87782778	-0.53519448
10.89451111	-0.538985912
10.91119722	-0.546137929
10.92787222	-0.581355533
10.94456667	-0.581030104
10.96124722	-0.509015014
10.97792778	-0.447184912
10.99461389	-0.383668514
11.01129444	-0.370217272
11.02797778	-0.430172472
11.04465833	-0.513964746
11.06134167	-0.573643386
11.07802778	-0.569170953
11.09471389	-0.605375782
11.11140278	-0.559973029
11.12808889	-0.513494382
11.14476944	-0.448112549
11.16145	-0.416957999
11.17812778	-0.414244858
11.19481389	-0.544691624
11.21149167	-0.547120572
11.22817222	-0.594251871
11.24486111	-0.561886384
11.26154444	-0.529074051
11.278225	-0.481591583
11.29492222	-0.446148675
11.31161389	-0.408035143
11.32829722	-0.471237446
11.34497778	-0.534127823
11.36166389	-0.580836352
11.37834722	-0.548585558
11.39502222	-0.464782865
11.4117	-0.372104614
11.428375	-0.406157503
11.44506111	-0.496781226
11.46174444	-0.57736841
11.47842778	-0.585989371
11.49510833	-0.51126542
11.51179722	-0.470398667
11.528475	-0.434419227
11.54515278	-0.401699148
11.56183889	-0.451817476
11.57852222	-0.514640491
11.59521389	-0.562013959
11.61189167	-0.628224852
11.628575	-0.536480412
11.64525556	-0.483627502
11.66193611	-0.444444551
11.67863611	-0.413502607
11.69532222	-0.452957157
11.71200556	-0.519621562
11.72867778	-0.557181653
11.74536389	-0.560084638
11.76204722	-0.616286552
11.77873056	-0.521687754
11.79541944	-0.422079852
11.81210833	-0.416736295
11.82879444	-0.470013757
11.84547778	-0.570108451
11.86216389	-0.610733642
11.87885	-0.455921979
11.89553333	-0.427382581
11.91221667	-0.384890279
11.92889444	-0.493514758
11.94557222	-0.549420447
11.96225833	-0.623132692
11.97893889	-0.560766027
11.99561944	-0.504999031
12.01229722	-0.408475104
12.02898056	-0.406930626
12.04566389	-0.424284309
12.06234167	-0.507240624
12.07902222	-0.581562354
12.09570278	-0.58476207
12.11238333	-0.491468651
12.12907222	-0.420217177
12.14574722	-0.390282578
12.16242778	-0.507860275
12.17911944	-0.570912628
12.19580556	-0.635727406
12.21248333	-0.526723749
12.22916389	-0.473374344
12.24584444	-0.379866048
12.26252778	-0.332750096
12.27920556	-0.423141372