2.011247222	-3.539481445
2.027933333	-5.529800849
2.028	-1.87572725
2.044683333	-2.19684441
2.061358333	-2.328075736
2.078036111	-1.860099768
2.094722222	-1.990830698
2.111405556	-1.779998561
2.128088889	-1.848137395
2.144766667	-1.821505962
2.161452778	-1.776825439
2.178136111	-1.607493005
2.194822222	-1.756632798
2.2115	-1.659841813
2.228177778	-1.626033562
2.244863889	-1.58073229
2.26155	-1.47864845
2.278236111	-1.414471474
2.294916667	-1.368980554
2.311594444	-1.260945
2.328272222	-1.216451305
2.344952778	-1.129845775
2.361641667	-1.105729959
2.378327778	-0.996750445
2.395011111	-1.080417041
2.411697222	-1.031660086
2.428375	-0.897005935
2.445063889	-0.93080148
2.461752778	-0.837427543
2.478441667	-0.781881765
2.495119444	-0.747186389
2.511797222	-0.751659098
2.528477778	-0.718929466
2.545155556	-0.765762283
2.561838889	-0.649345993
2.578516667	-0.660635306
2.595197222	-0.687263344
2.611883333	-0.659189949
2.628572222	-0.799433547
2.64525	-0.784161869
2.661936111	-0.753813039
2.678622222	-0.742681644
2.695308333	-0.735057767
2.711988889	-0.606321254
2.728669444	-0.694314702
2.745347222	-0.623795256
2.762027778	-0.585816627
2.778705556	-0.600621893
2.795383333	-0.607297318
2.812063889	-0.589645407
2.828741667	-0.536771321
2.845430556	-0.536055863
2.862111111	-0.512540226
2.8788	-0.547170606
2.895486111	-0.422104224
2.912163889	-0.429202427
2.928844444	-0.442159897
2.945527778	-0.408291163
2.962205556	-0.501905675
2.978886111	-0.445833112
2.995575	-0.469751037
3.012261111	-0.480064163
3.028944444	-0.510788341
3.045625	-0.385682687
3.062308333	-0.38458938
3.078986111	-0.394150046
3.095672222	-0.408286439
3.112355556	-0.385727792
3.129041667	-0.382695387
3.145719444	-0.384181225
3.162405556	-0.376739031
3.179091667	-0.391494084
3.195769444	-0.346061212
3.21245	-0.381515518
3.229133333	-0.384958699
3.245816667	-0.329456117
3.2625	-0.392316896
3.279186111	-0.36994024
3.295863889	-0.384700914
3.312544444	-0.396274576
3.329219444	-0.351192571
3.345894444	-0.398051542
3.362580556	-0.395586725
3.379258333	-0.39913359
3.395938889	-0.411411136
3.412622222	-0.385603983
3.429311111	-0.463474828
3.445988889	-0.447037275
3.462666667	-0.490864349
3.479344444	-0.487546872
3.496027778	-0.429472375
3.512708333	-0.398180014
3.529388889	-0.431093795
3.546072222	-0.493973538
3.562755556	-0.364622125
3.579444444	-0.372639125
3.596125	-0.509527617
3.612808333	-0.457342536
3.629497222	-0.477336304
3.646186111	-0.458805554
3.662875	-0.509185586
3.679563889	-0.478677781
3.69625	-0.40185284
3.712936111	-0.473784994
3.729622222	-0.40670783
3.746311111	-0.471553822
3.762997222	-0.431561758
3.779683333	-0.618170756
3.796366667	-0.51642249
3.813058333	-0.612549999
3.829741667	-0.460230027
3.846427778	-0.526111476
3.863122222	-0.49131142
3.879805556	-0.453694485
3.896483333	-0.528278323
3.913169444	-0.387950331
3.929858333	-0.460986153
3.946544444	-0.447100089
3.963225	-0.468876633
3.979908333	-0.520013419
3.996594444	-0.438835994
4.013280556	-0.478845096
4.029966667	-0.449642852
4.046647222	-0.474116829
4.063336111	-0.432353487
4.080027778	-0.460410748
4.096711111	-0.535055648
4.113397222	-0.494514772
4.130083333	-0.520377448
4.146772222	-0.445611362
4.163458333	-0.521219807
4.180141667	-0.427556803
4.196819444	-0.434361249
4.213505556	-0.482457822
4.230186111	-0.533283525
4.246872222	-0.509848435
4.263558333	-0.485891902
4.280244444	-0.514994485
4.296927778	-0.444718131
4.313616667	-0.409437724
4.330313889	-0.693207442
4.347002778	-0.574864128
4.363686111	-0.567139853
4.380369444	-0.629389195
4.397058333	-0.562698419
4.413744444	-0.659959185
4.430427778	-0.62092645
4.447108333	-0.541484834
4.463788889	-0.578578461
4.480477778	-0.532478327
4.497155556	-0.594087059
4.513833333	-0.449861812
4.530513889	-0.523298909
4.547197222	-0.465452752
4.563886111	-0.442433397
4.580575	-0.461023749
4.597263889	-0.474029932
4.613938889	-0.478582079
4.630616667	-0.481452874
4.647297222	-0.444432573
4.663983333	-0.524704238
4.680669444	-0.417927107
4.697347222	-0.469726948
4.714027778	-0.420993466
4.730711111	-0.490445582
4.747388889	-0.472779045
4.764075	-0.50924118
4.780752778	-0.424454124
4.797433333	-0.444663671
4.814111111	-0.67221854
4.830794444	-0.681942211
4.847469444	-0.57622165
4.864155556	-0.56752833
4.880841667	-0.47772385
4.897519444	-0.478689547
4.914197222	-0.446190248
4.930883333	-0.475457193
4.947566667	-0.488633305
4.964252778	-0.481011304
4.980933333	-0.446706144
4.997619444	-0.495907669
5.014297222	-0.463025998
5.030977778	-0.440858785
5.047663889	-0.429479489
5.064338889	-0.615335446
5.081019444	-0.47200047
5.097705556	-0.546844536
5.114391667	-0.598316789
5.131075	-0.547779277
5.147761111	-0.57241644
5.164436111	-0.519379672
5.181119444	-0.413535496
5.197797222	-0.408743426
5.214480556	-0.602518652
5.231169444	-0.660487482
5.247847222	-0.540758784
5.264527778	-0.466996746
5.281211111	-0.506727333
5.297888889	-0.559417973
5.314577778	-0.435896615
5.331252778	-0.499374588
5.347933333	-0.516223784
5.364619444	-0.448434203
5.3813	-0.432405077
5.397986111	-0.451914783
5.414672222	-0.404943944
5.431361111	-0.426253865
5.448044444	-0.494607305
5.464727778	-0.712891075
5.481408333	-0.638594225
5.498094444	-0.542221335
5.514783333	-0.529541172
5.531469444	-0.479707132
5.548152778	-0.467888013
5.564841667	-0.555048638
5.581527778	-0.504418974
5.598213889	-0.450755964
5.614894444	-0.436087174
5.631586111	-0.401687029
5.648272222	-0.624443844
5.664958333	-0.565895567
5.681633333	-0.621327835
5.698313889	-0.574353989
5.714988889	-0.51152687
5.731666667	-0.472002554
5.748344444	-0.51772945
5.765022222	-0.456577666
5.781711111	-0.490650484
5.798386111	-0.451445714
5.815072222	-0.47020717
5.831755556	-0.415305466
5.848436111	-0.388112376
5.865122222	-0.567808635
5.881808333	-0.63979665
5.898488889	-0.642195868
5.915175	-0.610210437
5.931855556	-0.560674348
5.948541667	-0.600240633
5.965219444	-0.584970404
5.9819	-0.486315857
5.998577778	-0.529955081
6.015261111	-0.455536087
6.031944444	-0.466969198
6.048627778	-0.495444948
6.065311111	-0.503335644
6.082	-0.511212299
6.098677778	-0.457050129
6.115363889	-0.482701345
6.132047222	-0.46061271
6.148727778	-0.406765428
6.165416667	-0.4510344
6.182091667	-0.399241942
6.198794444	-0.420362688
6.215472222	-0.478325343
6.232158333	-0.61417775
6.248844444	-0.689704733
6.265525	-0.645923118
6.282208333	-0.608107049
6.298883333	-0.578018473
6.315561111	-0.527744121
6.332244444	-0.516227689
6.348930556	-0.519647287
6.365619444	-0.512797684
6.382302778	-0.480062094
6.398991667	-0.508280515
6.415677778	-0.487988227
6.432366667	-0.489675506
6.44905	-0.491969032
6.465727778	-0.477833192
6.482413889	-0.418186326
6.499091667	-0.406446479
6.515772222	-0.535608498
6.53245	-0.713226181
6.549127778	-0.695749684
6.565813889	-0.590271582
6.582502778	-0.587179971
6.599188889	-0.583485156
6.615875	-0.566238004
6.632558333	-0.587852881
6.649230556	-0.53832218
6.665919444	-0.493164061
6.682594444	-0.457406081
6.699272222	-0.483997878
6.715958333	-0.475639079
6.732636111	-0.458561675
6.749316667	-0.443911988
6.766005556	-0.468179374
6.782683333	-0.428210106
6.799375	-0.392865567
6.816058333	-0.484608093
6.832747222	-0.681780171
6.849427778	-0.653150884
6.866111111	-0.633455606
6.882791667	-0.61010916
6.899477778	-0.543315586
6.916155556	-0.542614925
6.932833333	-0.488693946
6.949516667	-0.496922801
6.966191667	-0.511235174
6.982877778	-0.459129955
6.999558333	-0.415424236
7.016244444	-0.437448714
7.032933333	-0.551675865
7.049616667	-0.592208941
7.066302778	-0.545570583
7.082986111	-0.622470381
7.099677778	-0.569399869
7.116366667	-0.527944638
7.13305	-0.564257396
7.149727778	-0.524245131
7.166405556	-0.515221354
7.183086111	-0.500451587
7.199769444	-0.461119054
7.216447222	-0.460469242
7.233127778	-0.48342225
7.249813889	-0.450256219
7.266491667	-0.470174828
7.283169444	-0.389092017
7.299858333	-0.393720462
7.316538889	-0.518126074
7.333222222	-0.648508269
7.349905556	-0.676482196
7.366588889	-0.613236291
7.383272222	-0.62223117
7.399969444	-0.58044562
7.416647222	-0.548034587
7.433330556	-0.558009706
7.450011111	-0.556578052
7.466694444	-0.522371505
7.483383333	-0.48568165
7.500063889	-0.510229485
7.516747222	-0.437738667
7.533427778	-0.421664553
7.550111111	-0.599150008
7.566797222	-0.580552568
7.583486111	-0.581435731
7.600166667	-0.580876448
7.61685	-0.557833133
7.633530556	-0.520346908
7.650208333	-0.490068256
7.666894444	-0.494608518
7.683580556	-0.46305339
7.700261111	-0.448768836
7.716938889	-0.439442254
7.733627778	-0.413477416
7.750311111	-0.54833291
7.766988889	-0.669129957
7.783663889	-0.666642221
7.800347222	-0.645985275
7.817033333	-0.630455952
7.833713889	-0.604148861
7.8504	-0.602614212
7.867083333	-0.524577719
7.883763889	-0.494406689
7.900452778	-0.503365553
7.917130556	-0.555937152
7.933816667	-0.487099934
7.950494444	-0.499463303
7.967175	-0.479198299
7.983852778	-0.470512062
8.000541667	-0.451656209
8.017233333	-0.46923303
8.033911111	-0.439970889
8.050594444	-0.464769463
8.067272222	-0.460325446
8.08395	-0.440967138
8.100636111	-0.38147419
8.117319444	-0.534189581
8.134005556	-0.679082434
8.150694444	-0.676828183
8.167386111	-0.570754979
8.184066667	-0.510861124
8.200747222	-0.581814915
8.217425	-0.534555309
8.234111111	-0.546821833
8.250794444	-0.575101815
8.267480556	-0.527422764
8.284169444	-0.557004877
8.30085	-0.537652022
8.317541667	-0.462572286
8.334230556	-0.503691052
8.350916667	-0.502527036
8.367605556	-0.431915727
8.384294444	-0.476272341
8.400980556	-0.472991833
8.417655556	-0.483303781
8.434341667	-0.401769221
8.451025	-0.466524728
8.4677	-0.414688967
8.484391667	-0.426651983
8.501066667	-0.627744477
8.517752778	-0.547876111
8.534427778	-0.563985466
8.551113889	-0.597240088
8.567797222	-0.569262814
8.584491667	-0.569501753
8.601175	-0.514264931
8.617852778	-0.555718061
8.634533333	-0.486111954
8.651211111	-0.506712428
8.667897222	-0.501132554
8.684575	-0.434106248
8.701252778	-0.473548015
8.717933333	-0.494861613
8.734611111	-0.418868894
8.751291667	-0.437501791
8.767977778	-0.586997219
8.784661111	-0.693646605
8.801341667	-0.647398571
8.818030556	-0.627800043
8.834705556	-0.582155349
8.851391667	-0.595956407
8.868077778	-0.612741136
8.884752778	-0.520313643
8.901444444	-0.536804676
8.918127778	-0.543372197
8.934808333	-0.489902154
8.951486111	-0.501032219
8.968175	-0.49977804
8.984852778	-0.47282933
9.001538889	-0.483039751
9.018227778	-0.472198917
9.034905556	-0.460946085
9.051591667	-0.434262687
9.068280556	-0.464404008
9.084969444	-0.45322414
9.101655556	-0.46502314
9.118344444	-0.44107412
9.135033333	-0.429219063
9.151713889	-0.653025911
9.168394444	-0.561945284
9.185080556	-0.569695142
9.201766667	-0.657532944
9.218447222	-0.647740238
9.235125	-0.636344082
9.251811111	-0.578944324
9.268494444	-0.556708493
9.285172222	-0.575949952
9.301852778	-0.5672049
9.318536111	-0.531017685
9.335216667	-0.559512686
9.351902778	-0.511945684
9.368586111	-0.492080631
9.385275	-0.520593491
9.40195	-0.530502279
9.418627778	-0.43067826
9.435316667	-0.5091077
9.452005556	-0.434047161
9.468686111	-0.461802677
9.485366667	-0.515802086
9.502052778	-0.450851629
9.518738889	-0.43834282
9.535419444	-0.432078463
9.552102778	-0.631490057
9.568786111	-0.579479856
9.585472222	-0.558759287
9.602161111	-0.658059052
9.618847222	-0.645997161
9.635530556	-0.60003106
9.652211111	-0.607481817
9.6689	-0.634578581
9.685583333	-0.587621629
9.702263889	-0.639577978
9.718944444	-0.586899866
9.735622222	-0.56006158
9.752308333	-0.550114645
9.768986111	-0.589205235
9.785672222	-0.46334306
9.80235	-0.544172467
9.819033333	-0.516980862
9.835719444	-0.538735489
9.852408333	-0.500462853
9.869088889	-0.486944658
9.885777778	-0.511598723
9.902455556	-0.525599066
9.919141667	-0.510528851
9.935825	-0.463688619
9.952502778	-0.511925762
9.969183333	-0.508952196
9.985872222	-0.516724555
10.00255278	-0.472001864
10.01923056	-0.448713669
10.03591944	-0.505640191
10.0526	-0.470613895
10.06928889	-0.463810415
10.08596667	-0.429457579
10.10265	-0.43108016
10.11933611	-0.640193923
10.13601389	-0.597915186
10.15269722	-0.567158931
10.169375	-0.575160806
10.18606111	-0.530745378
10.20273889	-0.569064209
10.21942222	-0.582077277
10.23610833	-0.543407237
10.25279167	-0.570241077
10.26947222	-0.472854473
10.28615	-0.534852044
10.30284167	-0.455521436
10.31953056	-0.52079598
10.33621667	-0.490443344
10.35290278	-0.475323354
10.36958889	-0.527969239
10.38627778	-0.512356445
10.40296667	-0.530874941
10.41964444	-0.465335152
10.43632222	-0.513397629
10.45300833	-0.471971115
10.46969722	-0.465304336
10.486375	-0.440729543
10.50305556	-0.415008133
10.51973889	-0.643369257
10.53642778	-0.59903936
10.55310556	-0.629606551
10.56979167	-0.561166074
10.58647778	-0.547993798
10.60315278	-0.553225947
10.61983889	-0.599511894
10.636525	-0.536719392
10.65321111	-0.526643604
10.66988889	-0.603203831
10.68656667	-0.544447042
10.70325278	-0.50059685
10.71994167	-0.468314321
10.73662222	-0.488340095
10.7533	-0.507632295
10.76997778	-0.488459194
10.78665833	-0.456697841
10.80334722	-0.518985257
10.82003611	-0.495662862
10.83671667	-0.516047987
10.85340556	-0.41934831
10.87008889	-0.450533904
10.88677222	-0.467407067
10.90345	-0.457408087
10.92012778	-0.440259741
10.93681389	-0.499494761
10.9535	-0.486805058
10.97018889	-0.482334835
10.98686667	-0.453085771
11.00354444	-0.497566104
11.02023056	-0.3982046
11.03691944	-0.421840511
11.05360556	-0.575333568
11.07028889	-0.62173009
11.08697222	-0.612699964
11.10365278	-0.649164095
11.12033889	-0.603278086
11.13701944	-0.591433474
11.15369444	-0.572459975
11.170375	-0.545583421
11.18706389	-0.537500198
11.20373889	-0.589590857
11.22041667	-0.572216322
11.23709167	-0.528385517
11.25378056	-0.538905413
11.27045833	-0.52909683
11.28714722	-0.495673007
11.30383611	-0.514500719
11.32051389	-0.459184322
11.33720278	-0.450878015
11.35388333	-0.482108033
11.37056111	-0.407998224
11.38723611	-0.445713283
11.40392222	-0.520328618
11.42060278	-0.620843245
11.43728333	-0.580933706
11.45396111	-0.646551823
11.47064444	-0.665310482
11.48733056	-0.617187511
11.50401111	-0.601238087
11.52069444	-0.566511094
11.53738333	-0.560043179
11.55406667	-0.544461056
11.57075278	-0.521720946
11.58743889	-0.530357009
11.60412778	-0.535242846
11.62081389	-0.428901349
11.63748889	-0.536427694
11.65417778	-0.445489936
11.67086111	-0.432128821
11.68753889	-0.630727784
11.70422222	-0.530540933
11.72090278	-0.594882424
11.73758611	-0.589883153
11.75427222	-0.517377054
11.77096111	-0.542348094
11.78763889	-0.466209683
11.80432222	-0.478251114
11.82100833	-0.427323047
11.83768333	-0.379101595
11.85436111	-0.580127239
11.87105278	-0.665331353
11.88773333	-0.607622688
11.90441667	-0.659254985
11.92110278	-0.646288824
11.93778889	-0.626111474
11.954475	-0.57019205
11.97115278	-0.528728342
11.98783056	-0.597366893
12.00451667	-0.533283849
12.02120278	-0.498375022
12.03788056	-0.500950741
12.05456111	-0.484102602
12.07125	-0.426113313
12.08792778	-0.450332163
12.10460833	-0.446626473
12.12129167	-0.428713889
12.13797778	-0.445949535
12.15465556	-0.509979049
12.17133333	-0.669321519
12.18801389	-0.606152149
12.2047	-0.57763326
12.22138611	-0.584472236
12.238075	-0.596501402
12.25476111	-0.556775902
12.27144444	-0.496211285
12.28813056	-0.494095703