0.817522222	-4.383248981
0.8342	-3.719207124
0.850880556	-3.715847443
0.867558333	-3.558800414
0.884238889	-5.953255884
0.900916667	-3.54833799
0.917605556	-3.524141588
0.934294444	-4.032771872
0.950980556	-4.185933674
0.967669444	-3.605075582
0.984347222	-3.288546962
1.001036111	-3.249933665
1.017725	-3.923471288
1.034411111	-3.360785647
1.051094444	-4.160788898
1.067780556	-3.307156097
1.084469444	-3.317452735
1.101147222	-3.238667647
1.117827778	-3.383604252
1.134505556	-3.070769447
1.151183333	-4.291172185
1.167863889	-3.985755663
1.184541667	-3.380146122
1.201219444	-3.001911526
1.217908333	-3.70423109
1.234597222	-3.803629693
1.251286111	-2.938382278
1.267975	-3.005455592
1.284658333	-2.957372893
1.301344444	-2.843824221
1.318030556	-2.867747585
1.334719444	-3.19566724
1.3514	-3.124505405
1.368077778	-3.007076982
1.384755556	-2.858344452
1.401436111	-3.168281099
1.418113889	-2.99220829
1.434791667	-3.172914659
1.451472222	-2.963136921
1.468161111	-3.272373916
1.484855556	-2.698835041
1.501544444	-2.758513998
1.518233333	-3.353981885
1.534916667	-2.971475268
1.551605556	-3.062365146
1.568291667	-2.620172987
1.584980556	-2.994146931
1.601666667	-2.734375593
1.618352778	-2.772403299
1.635036111	-2.5254823
1.651713889	-2.993830483
1.668394444	-2.625244192
1.685077778	-2.578823429
1.701763889	-2.941367581
1.718452778	-2.521451554
1.735138889	-2.673534143
1.751827778	-2.452881029
1.768511111	-2.732637507
1.777633333	-2.627331922
1.794313889	-2.251880382
1.810994444	-2.29575954
1.827677778	-2.206993044
1.844361111	-2.194011804
1.861044444	-2.150969252
1.877725	-2.108418796
1.894411111	-2.223275146
1.911108333	-2.390259817
1.927788889	-2.151773983
1.944463889	-2.309874093
1.961144444	-2.051512883
1.977833333	-2.012031747
1.994519444	-2.017379384
2.011208333	-1.9414861
2.027894444	-1.946226899
2.044572222	-1.87508045
2.044625	-1.426481349
2.061302778	-1.446624746
2.077977778	-1.392605555
2.094655556	-1.335406171
2.111338889	-1.361671956
2.128027778	-1.335787082
2.144713889	-1.246864891
2.161391667	-1.281548799
2.178080556	-1.211424331
2.194763889	-1.227687385
2.211447222	-1.160406387
2.228125	-1.134569013
2.244802778	-1.085582723
2.261488889	-1.109353469
2.278177778	-1.065072073
2.294858333	-1.000875782
2.311536111	-1.035273105
2.328213889	-0.970337788
2.344894444	-0.96231454
2.361577778	-0.952536209
2.378261111	-0.916551691
2.394938889	-0.940323059
2.411627778	-0.905353388
2.428313889	-0.845199384
2.445	-0.830669796
2.461688889	-0.811101443
2.478377778	-0.827354116
2.495066667	-0.800192047
2.511744444	-0.775241835
2.528425	-0.789061783
2.545102778	-0.754544146
2.561780556	-0.703977558
2.578461111	-0.740681402
2.595141667	-0.738269115
2.611822222	-0.721683887
2.6285	-0.677747585
2.645180556	-0.690219171
2.661866667	-0.663272603
2.678547222	-0.684112298
2.695236111	-0.675122545
2.711913889	-0.695255321
2.728594444	-0.689966903
2.745272222	-0.667495613
2.761952778	-0.695426456
2.778636111	-0.677121382
2.795313889	-0.668834523
2.811994444	-0.715840333
2.828672222	-0.721935825
2.845352778	-0.730501652
2.862030556	-0.744313157
2.878719444	-0.763214493
2.895405556	-0.749117225
2.912083333	-0.773389548
2.928772222	-0.768547917
2.945461111	-0.775806855
2.962144444	-0.827848698
2.978830556	-0.848479572
2.995508333	-0.828026636
3.012191667	-0.856087611
3.028877778	-0.857752167
3.045566667	-0.863539329
3.062244444	-0.905667261
3.078930556	-0.885696471
3.095608333	-0.951415937
3.112291667	-0.899083725
3.128980556	-0.953232192
3.145672222	-0.952487087
3.162347222	-0.926689083
3.179030556	-0.963135541
3.195716667	-0.970709854
3.212394444	-1.027399208
3.229075	-0.982408419
3.245752778	-1.025211968
3.262430556	-0.988684774
3.279111111	-1.007834693
3.295788889	-0.980707954
3.312475	-1.004562403
3.329158333	-1.057596668
3.345836111	-1.052804883
3.362513889	-1.06658414
3.379194444	-0.999761557
3.395880556	-0.972390189
3.412558333	-1.021589027
3.429241667	-1.044225216
3.445925	-1.038516588
3.462613889	-1.097042761
3.479291667	-1.086283788
3.495969444	-1.013433247
3.51265	-1.013644664
3.529327778	-1.049349722
3.546013889	-1.061848264
3.562691667	-1.036340976
3.579375	-1.011725642
3.596061111	-1.045393175
3.612747222	-1.056287437
3.629436111	-1.002071603
3.646125	-1.077810425
3.662816667	-1.057777024
3.679502778	-1.008538787
3.696191667	-1.031829622
3.712880556	-1.005716056
3.729563889	-1.051901256
3.74625	-1.049228158
3.762933333	-0.984462351
3.779613889	-1.005179816
3.796297222	-0.954066252
3.812983333	-0.938878501
3.829661111	-0.912617237
3.846344444	-0.941201776
3.863025	-0.919873869
3.879711111	-0.890192035
3.896402778	-0.929029223
3.913088889	-0.866552565
3.929777778	-0.872847839
3.946463889	-0.863181172
3.963161111	-0.865597404
3.97985	-0.837672407
3.996536111	-0.89057535
4.013219444	-0.856578738
4.029905556	-0.81104307
4.046591667	-0.81361513
4.063272222	-0.805139751
4.079958333	-0.788377998
4.096647222	-0.790013497
4.113336111	-0.746587768
4.130025	-0.746232669
4.146711111	-0.792823725
4.1634	-0.749092204
4.180080556	-0.723710208
4.196758333	-0.705686976
4.213438889	-0.720659703
4.230127778	-0.722235184
4.246813889	-0.700714823
4.263491667	-0.679214374
4.280180556	-0.664003649
4.296866667	-0.651852044
4.313558333	-0.625417899
4.330247222	-0.633681272
4.346936111	-0.589134361
4.363625	-0.616563766
4.380311111	-0.616088163
4.396986111	-0.56300417
4.413661111	-0.571823469
4.430336111	-0.572881895
4.447022222	-0.561518818
4.463711111	-0.539426285
4.480391667	-0.508423112
4.497069444	-0.51093748
4.513758333	-0.534889125
4.530444444	-0.513881338
4.547130556	-0.477903471
4.563811111	-0.488415305
4.580491667	-0.45384048
4.597175	-0.43923678
4.613861111	-0.494797201
4.63055	-0.464460445
4.647233333	-0.467049166
4.663916667	-0.473742867
4.680594444	-0.447502982
4.697272222	-0.526372503
4.713958333	-0.499897784
4.730636111	-0.464768572
4.747313889	-0.492924787
4.763994444	-0.48458374
4.780683333	-0.448207289
4.797363889	-0.428763556
4.814041667	-0.397491805
4.830727778	-0.549981524
4.847402778	-0.61391668
4.864088889	-0.575624214
4.880772222	-0.548036905
4.897455556	-0.54272007
4.914133333	-0.519466936
4.930816667	-0.513991313
4.947502778	-0.461398789
4.964180556	-0.461120545
4.980861111	-0.433241798
4.997544444	-0.444748116
5.014222222	-0.558701484
5.030902778	-0.651440982
5.047580556	-0.606344597
5.064263889	-0.590477061
5.08095	-0.539817643
5.097638889	-0.53316529
5.114322222	-0.525193956
5.131011111	-0.511507039
5.147694444	-0.498594381
5.164380556	-0.483512399
5.181058333	-0.460444535
5.197736111	-0.466932685
5.214413889	-0.45196766
5.2311	-0.437292426
5.247777778	-0.418183181
5.264458333	-0.510469454
5.281136111	-0.590970556
5.297813889	-0.679377657
5.314497222	-0.693850248
5.331186111	-0.659773277
5.347875	-0.63476443
5.364561111	-0.605383477
5.381247222	-0.559666612
5.397927778	-0.568446474
5.414613889	-0.546403252
5.4313	-0.531587076
5.447986111	-0.533207881
5.464666667	-0.498704697
5.481355556	-0.493234754
5.498036111	-0.46265597
5.514725	-0.45260895
5.531402778	-0.423810327
5.548091667	-0.420715334
5.564775	-0.538676261
5.581455556	-0.644373512
5.598144444	-0.599503297
5.614822222	-0.548020385
5.631505556	-0.533111401
5.648180556	-0.517508001
5.664866667	-0.507895388
5.681541667	-0.484044073
5.698222222	-0.476469512
5.714905556	-0.450522654
5.731586111	-0.413196241
5.748261111	-0.423153281
5.76495	-0.520283206
5.781633333	-0.618808909
5.798319444	-0.597501693
5.814997222	-0.557663368
5.831683333	-0.539585794
5.848372222	-0.524430874
5.865061111	-0.522899909
5.881744444	-0.463466658
5.898427778	-0.467481532
5.915113889	-0.424287396
5.931794444	-0.415690474
5.948472222	-0.51953183
5.965152778	-0.618699777
5.981830556	-0.606292686
5.998508333	-0.579821674
6.015188889	-0.542015803
6.031875	-0.519584672
6.048563889	-0.470881358
6.065247222	-0.456553987
6.081933333	-0.436899832
6.098616667	-0.44058862
6.115297222	-0.535464261
6.131980556	-0.625277078
6.148663889	-0.603337208
6.165344444	-0.55679843
6.182022222	-0.528093509
6.198702778	-0.532445372
6.215380556	-0.496377634
6.232063889	-0.460273156
6.248744444	-0.447649718
6.265422222	-0.427026825
6.282102778	-0.406902716
6.298780556	-0.529428659
6.315458333	-0.616337392
6.332144444	-0.597953171
6.348830556	-0.584128592
6.365519444	-0.553118561
6.382216667	-0.520441828
6.3989	-0.507980924
6.415577778	-0.475580994
6.432263889	-0.429185132
6.448947222	-0.423754229
6.465625	-0.526702463
6.482311111	-0.593226554
6.498988889	-0.609281347
6.515669444	-0.550810174
6.532352778	-0.560219915
6.549036111	-0.519881051
6.565716667	-0.463992564
6.582405556	-0.463786595
6.599088889	-0.454342444
6.615769444	-0.460704029
6.632458333	-0.414382692
6.649141667	-0.408561843
6.665819444	-0.50885851
6.682502778	-0.613529911
6.699188889	-0.637241421
6.715875	-0.5643279
6.732552778	-0.55256646
6.749236111	-0.524051265
6.765913889	-0.517921389
6.782591667	-0.458256324
6.799280556	-0.458946584
6.815963889	-0.458620456
6.832652778	-0.426993735
6.849336111	-0.411071077
6.866016667	-0.494042534
6.882702778	-0.64707228
6.899386111	-0.59754837
6.916072222	-0.583145255
6.932758333	-0.549568271
6.949438889	-0.514100363
6.966136111	-0.51832892
6.982819444	-0.493021987
6.999505556	-0.481544967
7.016180556	-0.466958207
7.032866667	-0.471509787
7.049552778	-0.419328827
7.066238889	-0.409258002
7.082925	-0.523256079
7.099611111	-0.604378898
7.116305556	-0.621192372
7.132986111	-0.574529684
7.149663889	-0.600148379
7.166341667	-0.538649767
7.183027778	-0.516462649
7.199705556	-0.53654907
7.216386111	-0.510926996
7.233063889	-0.493384819
7.249741667	-0.475599288
7.266427778	-0.470089057
7.283105556	-0.439724558
7.299786111	-0.442982148
7.316466667	-0.538962701
7.33315	-0.643312553
7.349836111	-0.615451817
7.366513889	-0.599400277
7.3832	-0.6013783
7.399883333	-0.563035566
7.416561111	-0.57711501
7.433244444	-0.573848494
7.449930556	-0.558065967
7.466608333	-0.522106447
7.483291667	-0.550055657
7.499977778	-0.54218061
7.516669444	-0.508028739
7.533358333	-0.498885689
7.550036111	-0.482483921
7.566733333	-0.496173739
7.583411111	-0.473365386
7.6001	-0.492087157
7.616786111	-0.515422038
7.633475	-0.477662983
7.650155556	-0.508204462
7.666833333	-0.502618891
7.683519444	-0.491962932
7.700197222	-0.44750608
7.716875	-0.439448927
7.733555556	-0.443995964
7.750233333	-0.590073361
7.766919444	-0.647935526
7.783597222	-0.595197923
7.800283333	-0.618467072
7.816966667	-0.600963319
7.833652778	-0.620933576
7.850327778	-0.576816185
7.867011111	-0.59230927
7.883691667	-0.595623126
7.900375	-0.581460575
7.917052778	-0.564107684
7.933738889	-0.564028196
7.950419444	-0.534365833
7.967105556	-0.531956738
7.983783333	-0.54870982
8.000463889	-0.55567952
8.017141667	-0.515400858
8.033827778	-0.512119794
8.050516667	-0.545868913
8.067202778	-0.531444965
8.083883333	-0.548417147
8.100575	-0.521856255
8.117263889	-0.531755466
8.133947222	-0.52167414
8.150636111	-0.532393531
8.167325	-0.4980524
8.184013889	-0.511024544
8.200691667	-0.533178379
8.217372222	-0.540457236
8.234052778	-0.527396041
8.250738889	-0.502783961
8.267419444	-0.498374989
8.284108333	-0.483102632
8.300797222	-0.522689185
8.317480556	-0.523192817
8.334169444	-0.508344388
8.350858333	-0.508710047
8.367544444	-0.447928731
8.384230556	-0.505675343
8.400922222	-0.491924399
8.417597222	-0.470467145
8.434277778	-0.47949585
8.450963889	-0.504768406
8.467647222	-0.502619883
8.484325	-0.475258741
8.501011111	-0.45636427
8.517688889	-0.498194105
8.534363889	-0.464739493
8.551052778	-0.468230913
8.567741667	-0.451433667
8.584425	-0.437767808
8.601111111	-0.424862262
8.617791667	-0.612827139
8.634469444	-0.549629898
8.651147222	-0.599034918
8.667827778	-0.596421403
8.684513889	-0.573205215
8.701191667	-0.512974848
8.717869444	-0.550052676
8.734547222	-0.525849063
8.751233333	-0.542508036
8.767911111	-0.550627184
8.784597222	-0.50223098
8.801275	-0.486452038
8.817958333	-0.479064959
8.834641667	-0.458941315
8.851327778	-0.499876897
8.868016667	-0.45488291
8.884697222	-0.45663521
8.901377778	-0.455772557
8.918055556	-0.44954738
8.934741667	-0.43695285
8.951419444	-0.420724548
8.968097222	-0.558883561
8.984777778	-0.6234092
9.001461111	-0.630581235
9.018141667	-0.568441054
9.034827778	-0.618230246
9.051511111	-0.5444377
9.068188889	-0.541943932
9.084875	-0.544750262
9.101563889	-0.542671479
9.118252778	-0.542189226
9.134933333	-0.494430675
9.151613889	-0.509024397
9.168291667	-0.506922053
9.184975	-0.495860479
9.201658333	-0.477715981
9.218338889	-0.477795781
9.235016667	-0.457961357
9.251705556	-0.467477255
9.268391667	-0.451011275
9.285072222	-0.433371726
9.301755556	-0.416287166
9.318441667	-0.571919684
9.335119444	-0.633928799
9.351802778	-0.63202751
9.368486111	-0.615565943
9.385169444	-0.603677551
9.401855556	-0.55404208
9.418536111	-0.568960214
9.435219444	-0.549040568
9.451905556	-0.582925066
9.468583333	-0.540023325
9.485263889	-0.500011969
9.501947222	-0.509733687
9.518630556	-0.478549288
9.535305556	-0.488546539
9.551997222	-0.505877121
9.568686111	-0.495305076
9.585372222	-0.485849051
9.602061111	-0.473632092
9.618747222	-0.445841233
9.635422222	-0.459532484
9.652097222	-0.468703083
9.668786111	-0.457167012
9.685472222	-0.451904208
9.70215	-0.422188157
9.718830556	-0.417690793
9.735508333	-0.571753569
9.752186111	-0.601945684
9.768866667	-0.602016541
9.785552778	-0.605191818
9.802241667	-0.571166797
9.818925	-0.578063732
9.835611111	-0.554909634
9.852288889	-0.539472471
9.868972222	-0.528158796
9.885658333	-0.536094647
9.902336111	-0.521521404
9.919013889	-0.486639318
9.9357	-0.476866872
9.952386111	-0.476650245
9.969069444	-0.491141631
9.985758333	-0.449140717
10.00244444	-0.453030051
10.01912222	-0.46918088
10.03580278	-0.48235727
10.05249167	-0.438375017
10.06918056	-0.447924114
10.08586111	-0.437307524
10.10253889	-0.440504557
10.119225	-0.565894757
10.13590278	-0.627241994
10.15258889	-0.598773967
10.16926944	-0.57774274
10.18595833	-0.55698566
10.20264167	-0.576711648
10.21931944	-0.550363721
10.236	-0.534621428
10.25268333	-0.548999011
10.26936389	-0.512876642
10.28605278	-0.502074741
10.30273611	-0.492167622
10.319425	-0.478704024
10.33611111	-0.479505865
10.3528	-0.507542984
10.36948889	-0.466875216
10.38617778	-0.464212987
10.40286389	-0.4560813
10.41954167	-0.432244029
10.43621944	-0.461102371
10.45290278	-0.449409441
10.46958889	-0.436936905
10.48626667	-0.402000472
10.50294722	-0.57383811
10.51963333	-0.66663369
10.53631667	-0.626644003
10.55300278	-0.625928853
10.56968611	-0.582641011
10.58636944	-0.58786946
10.60305833	-0.561654745
10.61973333	-0.5786937
10.63641944	-0.579976365
10.65310278	-0.54696478
10.66978056	-0.556336685
10.68645833	-0.517984487
10.70314722	-0.526518363
10.71982778	-0.512330489
10.73651389	-0.552025137
10.75319167	-0.495062238
10.76987778	-0.507419481
10.78656389	-0.515833207
10.80325556	-0.538597278
10.81994167	-0.512501177
10.836625	-0.504751426
10.85332222	-0.530987567
10.87001111	-0.489943449
10.88669167	-0.526208046
10.90336944	-0.503988633
10.92005278	-0.501559124
10.93673333	-0.498438989
10.95341111	-0.498928723
10.97009722	-0.503128175
10.986775	-0.505635118
11.00345556	-0.481175127
11.02014167	-0.494453842
11.03683056	-0.468317899
11.05351111	-0.450296003
11.0702	-0.479536152
11.08688611	-0.474247759
11.10357222	-0.470120004
11.12025833	-0.447950297
11.13693611	-0.493324319
11.15361389	-0.458059912
11.17030556	-0.484975421
11.18698333	-0.463549208
11.20366389	-0.463636582
11.22034722	-0.475932981
11.23703056	-0.446176374
11.25371667	-0.468064918
11.27040556	-0.455500257
11.28708333	-0.428415444
11.30377222	-0.426823534
11.32045	-0.560370623
11.33713611	-0.654207161
11.35382222	-0.608950418
11.37050278	-0.583008238
11.38718056	-0.591354584
11.40386111	-0.578543148
11.42054444	-0.572599384
11.437225	-0.546768914
11.45390278	-0.533516475
11.47058056	-0.55427043
11.48726667	-0.538272346
11.50394444	-0.524329407
11.52063611	-0.522753985
11.537325	-0.490741549
11.55400833	-0.486636536
11.57069722	-0.485418324
11.58738056	-0.472273852
11.60406944	-0.481137526
11.62074722	-0.470038846
11.63743333	-0.462164627
11.65411111	-0.446368168
11.67079167	-0.436036925
11.68747778	-0.418956996
11.70415278	-0.539207249
11.72083889	-0.627857673
11.737525	-0.632129093
11.75421111	-0.571413275
11.77089444	-0.575323364
11.78757778	-0.585928085
11.80426389	-0.531708086
11.82095	-0.52976109
11.83763056	-0.524628328
11.85430833	-0.499199602
11.87098611	-0.480130914
11.88767222	-0.470124725
11.90435833	-0.477272334
11.92103611	-0.438432872
11.93771389	-0.44753912
11.9544	-0.418399569
11.97108333	-0.409991396
11.98776389	-0.540297175
12.00445	-0.622452584
12.02113611	-0.598102709
12.03781944	-0.557353693
12.05450833	-0.556812443
12.07118611	-0.525830926
12.08786389	-0.524819787
12.10455	-0.527973631
12.12122778	-0.462307211
12.13790833	-0.482739864
12.15458611	-0.456179844
12.17126389	-0.41819421
12.18795	-0.414959826
12.20463611	-0.552614874
12.22131944	-0.597040155
12.23799722	-0.576815811
12.25467778	-0.581672427
12.27135278	-0.532047013
12.28804167	-0.504292925
12.30472778	-0.493729024