5.55556E-05	-4.155332849
0.016733333	-2.992106913
0.033411111	-4.761592678
0.050091667	-2.814620064
0.066772222	-2.538059622
0.083452778	-2.818340029
0.100136111	-2.465755752
0.116825	-3.569784675
0.133511111	-2.617019219
0.150194444	-2.248938825
0.166872222	-2.309991604
0.183547222	-2.46157855
0.200225	-2.375371271
0.216908333	-2.342266426
0.233591667	-2.405290935
0.250269444	-2.275088921
0.266944444	-2.135372648
0.283633333	-2.044768561
0.300319444	-2.089972502
0.317	-2.092894184
0.333680556	-2.088566423
0.350366667	-2.082252368
0.367055556	-2.068347778
0.38375	-1.880131149
0.400436111	-2.056627031
0.417116667	-2.196100993
0.433797222	-2.05639649
0.450483333	-2.13189846
0.467169444	-2.059786541
0.483858333	-2.085262772
0.500533333	-1.815682257
0.517213889	-1.862913579
0.533891667	-1.786932956
0.550580556	-1.865793077
0.567275	-1.7122917
0.583963889	-1.753022758
0.60065	-1.737083802
0.617341667	-1.747995917
0.634027778	-1.704363897
0.650705556	-1.70338925
0.667386111	-1.666198388
0.684069444	-1.68948656
0.700758333	-1.703784653
0.717438889	-1.546661443
0.734116667	-1.539014575
0.750794444	-1.555371847
0.767475	-1.476819113
0.784166667	-1.555663396
0.800855556	-1.461719662
0.817544444	-1.42742512
0.834233333	-1.423110809
0.850913889	-1.421234699
0.867605556	-1.331507959
0.884294444	-1.308313337
0.900980556	-1.217255909
0.917663889	-1.182329255
0.934341667	-1.17859275
0.951022222	-1.168086159
0.9677	-1.114953842
0.984380556	-1.137106644
1.001058333	-1.09411616
1.017736111	-1.033854297
1.034416667	-0.976124556
1.051105556	-0.93545279
1.067794444	-0.908722608
1.084472222	-0.889184033
1.101158333	-0.891068472
1.117847222	-0.839796265
1.134525	-0.797633929
1.151202778	-0.775975549
1.167880556	-0.741458653
1.184566667	-0.704012776
1.201255556	-0.65526515
1.217944444	-0.622563897
1.234636111	-0.606696224
1.251313889	-0.566415128
1.267991667	-0.528420932
1.284680556	-0.538172652
1.301369444	-0.486658618
1.318061111	-0.470639177
1.33475	-0.435103509
1.351436111	-0.42854122
1.368119444	-0.522656696
1.384811111	-0.461418312
1.401505556	-0.480159126
1.418191667	-0.492235355
1.434875	-0.46268015
1.451563889	-0.492821407
1.468247222	-0.499644872
1.484925	-0.475358339
1.5016	-0.449101705
1.518283333	-0.460940757
1.534963889	-0.485716617
1.55165	-0.52663908
1.568333333	-0.467154208
1.585019444	-0.495961353
1.601697222	-0.47336611
1.618375	-0.498671891
1.635058333	-0.470966779
1.651744444	-0.452705735
1.668433333	-0.482755819
1.685111111	-0.500159595
1.701791667	-0.475928512
1.718469444	-0.476151857
1.73515	-0.480299257
1.751833333	-0.486127401
1.768516667	-0.48193272
1.785191667	-0.487706549
1.801875	-0.487480214
1.818558333	-0.470229629
1.835241667	-0.471856723
1.851925	-0.495588059
1.868602778	-0.483568433
1.885286111	-0.490812314
1.901980556	-0.48762224
1.918666667	-0.497002753
1.935347222	-0.513292873
1.952033333	-0.483607752
1.968719444	-0.532003064
1.985405556	-0.50616212
2.002091667	-0.517873603
2.018766667	-0.515478453
2.035447222	-0.491929934
2.052127778	-0.502559349
2.068805556	-0.495041977
2.085483333	-0.520770809
2.102163889	-0.513967096
2.118841667	-0.515765247
2.135530556	-0.510502918
2.152213889	-0.524449889
2.168891667	-0.513755127
2.185575	-0.524210147
2.202266667	-0.518945679
2.218952778	-0.534216188
2.235636111	-0.521920309
2.252327778	-0.540183852
2.269016667	-0.520500481
2.2857	-0.531542419
2.302388889	-0.530307112
2.319075	-0.507324679
2.335761111	-0.512268973
2.352444444	-0.510752688
2.369122222	-0.513885728
2.385802778	-0.505074681
2.402488889	-0.508742746
2.419169444	-0.486882983
2.435852778	-0.496652701
2.452547222	-0.507988356
2.469233333	-0.483259644
2.485927778	-0.483530829
2.502611111	-0.510471888
2.519297222	-0.508213404
2.535980556	-0.492128007
2.552675	-0.512696059
2.569355556	-0.508038033
2.586038889	-0.513897409
2.602725	-0.491776189
2.619416667	-0.490597801
2.636111111	-0.520636076
2.652797222	-0.498659817
2.669475	-0.524731533
2.686155556	-0.511779347
2.702844444	-0.505756429
2.719527778	-0.50460312
2.736211111	-0.510365851
2.7529	-0.514393499
2.769575	-0.503916926
2.786258333	-0.527420963
2.802941667	-0.525658832
2.819622222	-0.487451527
2.8363	-0.507727915
2.852986111	-0.533235761
2.869672222	-0.499308926
2.886347222	-0.520217111
2.903033333	-0.499446117
2.919711111	-0.515937377
2.936397222	-0.499777239
2.953075	-0.501050812
2.969758333	-0.502382499
2.986444444	-0.527703523
3.003133333	-0.527600614
3.019808333	-0.526391674
3.036497222	-0.526014709
3.053188889	-0.523152288
3.069866667	-0.527124312
3.086552778	-0.497805714
3.103238889	-0.509256374
3.119927778	-0.510081657
3.136613889	-0.524234234
3.153297222	-0.535799974
3.169980556	-0.51583172
3.186658333	-0.502413989
3.203336111	-0.534515271
3.220025	-0.495964089
3.2367	-0.52228271
3.253388889	-0.512009593
3.270072222	-0.499725525
3.286761111	-0.517178776
3.303441667	-0.518939133
3.320116667	-0.525886424
3.336802778	-0.501588552
3.353480556	-0.487337908
3.370169444	-0.502971981
3.386844444	-0.512560339
3.403533333	-0.514809932
3.420213889	-0.478967223
3.436902778	-0.526407522
3.453588889	-0.50207567
3.470275	-0.521409076
3.486961111	-0.492698193
3.495347222	-0.124124628
3.512033333	-0.161922958
3.528711111	-0.144884019
3.545388889	-0.22725049
3.562075	-0.316916495
3.578758333	-0.387172241
3.595438889	-0.510701105
3.612116667	-0.521686911
3.628794444	-0.538914574
3.645475	-0.509931064
3.662161111	-0.534274337
3.678841667	-0.526681319
3.695527778	-0.504695859
3.712216667	-0.518042073
3.728902778	-0.492749678
3.745583333	-0.52585926
3.762269444	-0.491435147
3.778955556	-0.493320485
3.795636111	-0.502713154
3.812319444	-0.500419248
3.829013889	-0.505852434
3.8457	-0.531212435
3.862388889	-0.490096302
3.879075	-0.531276712
3.895761111	-0.493464941
3.912447222	-0.500654697
3.929125	-0.509681951
3.945811111	-0.468698405
3.962497222	-0.527171272
3.979183333	-0.503048416
3.995866667	-0.509758938
4.01255	-0.523969016
4.029230556	-0.499438558
4.045908333	-0.516013248
4.062586111	-0.504286337
4.079266667	-0.508629071
4.095944444	-0.484966882
4.112630556	-0.498278725
4.129316667	-0.532568564
4.146008333	-0.491077104
4.162688889	-0.50242832
4.179372222	-0.498354172
4.196058333	-0.517139528
4.212752778	-0.493145899
4.229447222	-0.510728272
4.246136111	-0.53149012
4.262819444	-0.532907425
4.279497222	-0.516651064
4.296175	-0.51578416
4.312855556	-0.502398254
4.321241667	-0.230694561
4.337922222	-0.333983499
4.354611111	-0.307816853
4.371291667	-0.36983934
4.387969444	-0.44043114
4.404644444	-0.527122355
4.421330556	-0.528211476
4.438016667	-0.492528703
4.454702778	-0.506621186
4.471383333	-0.487862555
4.488075	-0.503439527
4.504758333	-0.444604639
4.521444444	-0.484521652
4.538130556	-0.528828864
4.554805556	-0.534380235
4.571483333	-0.457346868
4.588161111	-0.433589884
4.604841667	-0.517930695
4.621533333	-0.500625615
4.638216667	-0.524439645
4.654902778	-0.47748136
4.671577778	-0.485321346
4.688263889	-0.460083309
4.704947222	-0.500274035
4.721633333	-0.515445825
4.738319444	-0.494396625
4.755	-0.48788428
4.771688889	-0.477784379
4.788369444	-0.494112419
4.805058333	-0.485448902
4.821733333	-0.488337014
4.838413889	-0.517092154
4.855097222	-0.503651208
4.871783333	-0.518169783
4.888461111	-0.53624278
4.905138889	-0.498107714
4.921827778	-0.495169132
4.938511111	-0.499404047
4.955194444	-0.485580578
4.971875	-0.501758031
4.988561111	-0.50000897
5.005241667	-0.527018704
5.021927778	-0.470660772
5.038613889	-0.505747786
5.0553	-0.531535518
5.071975	-0.515035771
5.088661111	-0.521395886
5.105341667	-0.507900863
5.122022222	-0.502112333
5.1387	-0.51445709
5.155375	-0.513527492
5.172052778	-0.507565696
5.188741667	-0.501414531
5.205427778	-0.513169524
5.222119444	-0.508435564
5.238802778	-0.540052546
5.255483333	-0.510069343
5.272163889	-0.512002396
5.288844444	-0.519027647
5.305522222	-0.503819633
5.322205556	-0.510837794
5.338888889	-0.497569381
5.355569444	-0.509380277
5.372258333	-0.509184924
5.388936111	-0.52022251
5.405611111	-0.514163184
5.422294444	-0.498381496
5.438972222	-0.514017927
5.45565	-0.508135188
5.472327778	-0.506443757
5.489011111	-0.501485875
5.505691667	-0.49590748
5.522372222	-0.496910539
5.539058333	-0.535699617
5.555744444	-0.516493057
5.572430556	-0.501292708
5.589111111	-0.533580568
5.605788889	-0.490375884
5.622469444	-0.529437011
5.639147222	-0.501213345
5.655833333	-0.500063182
5.672516667	-0.528294709
5.689202778	-0.473747008
5.705880556	-0.50697896
5.722558333	-0.52565064
5.739241667	-0.48827343
5.755925	-0.524305872
5.772605556	-0.495323485
5.789280556	-0.544734853
5.805958333	-0.517138771
5.822641667	-0.549871526
5.839325	-0.46472383
5.856002778	-0.461055048
5.872680556	-0.50771327
5.889361111	-0.497233919
5.906038889	-0.502282474
5.922727778	-0.501977028
5.939411111	-0.499540588
5.9561	-0.519591218
5.972777778	-0.532344409
5.989461111	-0.52984763
6.006141667	-0.51326144
6.022822222	-0.531436573
6.039505556	-0.521397203
6.056183333	-0.543058956
6.072863889	-0.51912359
6.089547222	-0.498343397
6.106236111	-0.443451235
6.122916667	-0.424827133
6.139594444	-0.510628996
6.156277778	-0.591036894
6.172958333	-0.600464274
6.189641667	-0.587860649
6.206327778	-0.561588945
6.223005556	-0.535817724
6.239691667	-0.475405336
6.256375	-0.453436105
6.273055556	-0.436495168
6.289736111	-0.386429878
6.306422222	-0.476851841
6.3231	-0.511602849
6.339783333	-0.62149634
6.356466667	-0.535542021
6.37315	-0.549149902
6.389833333	-0.520770206
6.406513889	-0.480503618
6.423191667	-0.441972507
6.439869444	-0.415040745
6.45655	-0.499695039
6.473227778	-0.552080094
6.489913889	-0.609547342
6.506594444	-0.598558392
6.523280556	-0.554763906
6.539969444	-0.535203328
6.556661111	-0.511306903
6.573341667	-0.443341821
6.590022222	-0.431363803
6.606705556	-0.522997134
6.623394444	-0.549296109
6.640083333	-0.647133114
6.656769444	-0.597552847
6.67345	-0.559927274
6.690133333	-0.533345607
6.706816667	-0.512227856
6.723502778	-0.477310308
6.740186111	-0.442762258
6.756869444	-0.396578161
6.773558333	-0.497993811
6.790241667	-0.579181211
6.806922222	-0.649700398
6.823611111	-0.600405876
6.840288889	-0.555145135
6.856966667	-0.52970011
6.873658333	-0.488238538
6.890344444	-0.467901199
6.907030556	-0.434900774
6.923713889	-0.401844639
6.940394444	-0.470140579
6.957075	-0.553760378
6.973752778	-0.645720607
6.990441667	-0.589892056
7.007125	-0.60052975
7.0238	-0.532338674
7.040488889	-0.49487424
7.057172222	-0.47894499
7.073858333	-0.422352012
7.090538889	-0.414273982
7.107227778	-0.471435249
7.123919444	-0.570063037
7.1406	-0.616559919
7.157283333	-0.565727247
7.173961111	-0.542385973
7.190638889	-0.512030324
7.207325	-0.486140179
7.224011111	-0.459829723
7.2407	-0.447015025
7.257383333	-0.405290556
7.274069444	-0.372325428
7.290755556	-0.40722283
7.307433333	-0.50686272
7.324116667	-0.614717762
7.340791667	-0.544388195
7.357475	-0.608572899